442 425 10179.4275
247 252 10574.5475
487 284 10976.79
189 500 11588.51
442 426 13331.4375
210 465 14310.9975
476 501 15273.5025
193 499 15661.36
475 498 16749.8225
217 488 16799.5
474 501 17231.2975
475 502 18794.9375
470 505 19019.44
443 425 20422.8275
476 502 20550.065
232 465 20976.6475
300 221 22125.2475
218 489 23252.69
485 282 23444.8775
491 417 23467.16
192 499 26579.5975
194 499 26849.81
487 282 26897.915
7 483 27682.8725
444 425 27978.6775
190 500 29196.5225
234 253 30265.3775
235 253 30546.0625
469 476 31049.365
234 255 31057.7275
298 332 31481.84
216 489 32583.5625
235 252 32940.5975
215 489 33399.115
488 282 33555.94
486 281 33938.1475
191 500 34095.535
241 456 34825.115
236 252 34914.6275
486 284 36349.5775
306 268 37847.5775
234 254 38002.1875
217 489 38325.635
473 504 39553.5625
440 424 40690.1875
482 490 40981.3475
474 502 42866.1475
191 499 43303.6025
191 498 47403.71
482 489 47442.5625
486 282 47977.75
445 424 48214.615
236 251 49834.84
485 484 52194.9725
238 248 53790.51
484 484 54609.9275
477 464 62971.3475
481 490 63310.81
439 424 63638.56
442 424 64989.29
209 466 65926.19
470 506 66761.2525
455 490 71899.39
218 446 73302.6775
457 350 73598.41
386 183 75712.435
485 483 77147.0625
486 483 77657.99
489 83 77877.985
472 504 80353.5475
488 480 80648.665
484 483 80921.9725
502 394 81030.5275
502 395 84531.0625
456 490 91980.815
25 330 93687.715
503 394 97688.0
473 503 98052.4375
218 445 104269.765
245 391 105100.3525
438 424 108398.435
469 506 116609.1875
473 502 117024.515
211 460 120362.4025
475 494 122144.6875
459 486 123824.2225
471 504 125135.985
185 503 127121.39
440 423 133260.14
460 486 142570.8525
191 497 145827.34
443 424 146249.535
191 495 149179.91
225 246 153488.0225
444 424 158166.5275
457 349 161426.39
468 506 164768.74
464 480 167909.8775
472 503 169707.115
439 423 172469.0
